0
32
64
96
128
160
192
224
256
288
320
352
384
416
448
480
512
544
576
608
640
672
704
736
768
800
832
864
896
928
959
991
1023
1055
1087
1119
1151
1182
1214
1246
1278
1310
1341
1373
1405
1437
1469
1500
1532
1564
1595
1627
1659
1690
1722
1754
1785
1817
1849
1880
1912
1943
1975
2006
2038
2069
2101
2132
2164
2195
2227
2258
2289
2321
2352
2383
2415
2446
2477
2509
2540
2571
2602
2633
2665
2696
2727
2758
2789
2820
2851
2882
2913
2944
2975
3006
3037
3068
3099
3130
3160
3191
3222
3253
3283
3314
3345
3376
3406
3437
3467
3498
3528
3559
3589
3620
3650
3681
3711
3741
3772
3802
3832
3862
3893
3923
3953
3983
4013
4043
4073
4103
4133
4163
4193
4223
4253
4283
4313
4342
4372
4402
4431
4461
4491
4520
4550
4579
4609
4638
4668
4697
4726
4756
4785
4814
4844
4873
4902
4931
4960
4989
5018
5047
5076
5105
5134
5163
5192
5220
5249
5278
5306
5335
5364
5392
5421
5449
5478
5506
5534
5563
5591
5619
5647
5676
5704
5732
5760
5788
5816
5844
5872
5900
5928
5955
5983
6011
6038
6066
6094
6121
6149
6176
6204
6231
6258
6286
6313
6340
6367
6395
6422
6449
6476
6503
6530
6557
6583
6610
6637
6664
6690
6717
6744
6770
6797
6823
6850
6876
6902
6929
6955
6981
7007
7033
7060
7086
7112
7137
7163
7189
7215
7241
7267
7292
7318
7343
7369
7395
7420
7445
7471
7496
7521
7547
7572
7597
7622
7647
7672
7697
7722
7747
7772
7796
7821
7846
7871
7895
7920
7944
7969
7993
8017
8042
8066
8090
8114
8139
8163
8187
8211
8235
8258
8282
8306
8330
8354
8377
8401
8424
8448
8471
8495
8518
8542
8565
8588
8611
8634
8657
8680
8703
8726
8749
8772
8795
8818
8840
8863
8886
8908
8931
8953
8976
8998
9020
9043
9065
9087
9109
9131
9153
9175
9197
9219
9241
9263
9285
9306
9328
9349
9371
9393
9414
9435
9457
9478
9499
9521
9542
9563
9584
9605
9626
9647
9668
9689
9709
9730
9751
9771
9792
9813
9833
9854
9874
9894
9915
9935
9955
9975
9995
10015
10035
10055
10075
10095
10115
10135
10155
10174
10194
10213
10233
10253
10272
10291
10311
10330
10349
10369
10388
10407
10426
10445
10464
10483
10502
10520
10539
10558
10577
10595
10614
10632
10651
10669
10688
10706
10725
10743
10761
10779
10797
10815
10833
10851
10869
10887
10905
10923
10941
10958
10976
10994
11011
11029
11046
11064
11081
11098
11116
11133
11150
11167
11184
11201
11218
11235
11252
11269
11286
11303
11320
11336
11353
11370
11386
11403
11419
11436
11452
11468
11485
11501
11517
11533
11549
11565
11582
11598
11613
11629
11645
11661
11677
11693
11708
11724
11739
11755
11770
11786
11801
11817
11832
11847
11863
11878
11893
11908
11923
11938
11953
11968
11983
11998
12013
12028
12042
12057
12072
12086
12101
12115
12130
12144
12159
12173
12187
12202
12216
12230
12244
12258
12272
12286
12300
12314
12328
12342
12356
12370
12383
12397
12411
12424
12438
12452
12465
12478
12492
12505
12519
12532
12545
12558
12572
12585
12598
12611
12624
12637
12650
12663
12676
12688
12701
12714
12727
12739
12752
12765
12777
12790
12802
12815
12827
12839
12852
12864
12876
12888
12901
12913
12925
12937
12949
12961
12973
12985
12997
13009
13020
13032
13044
13056
13067
13079
13091
13102
13114
13125
13137
13148
13159
13171
13182
13193
13204
13216
13227
13238
13249
13260
13271
13282
13293
13304
13315
13326
13337
13347
13358
13369
13379
13390
13401
13411
13422
13432
13443
13453
13464
13474
13484
13495
13505
13515
13525
13536
13546
13556
13566
13576
13586
13596
13606
13616
13626
13636
13645
13655
13665
13675
13684
13694
13704
13713
13723
13732
13742
13751
13761
13770
13780
13789
13798
13808
13817
13826
13835
13844
13854
13863
13872
13881
13890
13899
13908
13917
13926
13934
13943
13952
13961
13970
13978
13987
13996
14004
14013
14022
14030
14039
14047
14056
14064
14072
14081
14089
14097
14106
14114
14122
14130
14139
14147
14155
14163
14171
14179
14187
14195
14203
14211
14219
14227
14235
14243
14250
14258
14266
14274
14281
14289
14297
14304
14312
14319
14327
14335
14342
14350
14357
14364
14372
14379
14386
14394
14401
14408
14416
14423
14430
14437
14444
14451
14459
14466
14473
14480
14487
14494
14501
14507
14514
14521
14528
14535
14542
14549
14555
14562
14569
14575
14582
14589
14595
14602
14609
14615
14622
14628
14635
14641
14647
14654
14660
14667
14673
14679
14686
14692
14698
14704
14711
14717
14723
14729
14735
14741
14747
14754
14760
14766
14772
14778
14784
14789
14795
14801
14807
14813
14819
14825
14830
14836
14842
14848
14853
14859
14865
14870
14876
14882
14887
14893
14898
14904
14909
14915
14920
14926
14931
14937
14942
14947
14953
14958
14963
14969
14974
14979
14985
14990
14995
15000
15005
15011
15016
15021
15026
15031
15036
15041
15046
15051
15056
15061
15066
15071
15076
15081
15086
15090
15095
15100
15105
15110
15115
15119
15124
15129
15133
15138
15143
15147
15152
15157
15161
15166
15171
15175
15180
15184
15189
15193
15198
15202
15207
15211
15215
15220
15224
15229
15233
15237
15242
15246
15250
15254
15259
15263
15267
15271
15275
15280
15284
15288
15292
15296
15300
15304
15308
15313
15317
15321
15325
15329
15333
15337
15341
15344
15348
15352
15356
15360
15364
15368
15372
15376
15379
15383
15387
15391
15394
15398
15402
15406
15409
15413
15417
15420
15424
15428
15431
15435
15438
15442
15446
15449
15453
15456
15460
15463
15467
15470
15474
15477
15481
15484
15487
15491
15494
15498
15501
15504
15508
15511
15514
15518
15521
15524
15527
15531
15534
15537
15540
15544
15547
15550
15553
15556
15559
15563
15566
15569
15572
15575
15578
15581
15584
15587
15590
15593
15596
15599
15602
15605
15608
15611
15614
15617
15620
15623
15626
15629
15632
15634
15637
15640
15643
15646
15649
15651
15654
15657
15660
15663
15665
15668
15671
15673
15676
15679
15682
15684
15687
15690
15692
15695
15698
15700
15703
15705
15708
15711
15713
15716
15718
15721
15723
15726
15728
15731
15733
15736
15738
15741
15743
15746
15748
15751
15753
15755
15758
15760
15763
15765
15767
15770
15772
15774
15777
15779
15781
15784
15786
15788
15791
15793
15795
15797
15800
15802
15804
15806
15809
15811
15813
15815
15817
15819
15822
15824
15826
15828
15830
15832
15834
15837
15839
15841
15843
15845
15847
15849
15851
15853
15855
15857
15859
15861
15863
15865
15867
15869
15871
15873
15875
15877
15879
15881
15883
15885
15887
15889
15891
15892
15894
15896
15898
15900
15902
15904
15906
15907
15909
15911
15913
15915
15917
15918
15920
15922
15924
15925
15927
15929
15931
15932
15934
15936
15938
15939
15941
15943
15944
15946
15948
15950
15951
15953
15955
15956
15958
15959
15961
15963
15964
15966
15968
15969
15971
15972
15974
15976
15977
15979
15980
15982
15983
15985
15986
15988
15990
15991
15993
15994
15996
15997
15999
16000
16002
16003
16004
16006
16007
16009
16010
16012
16013
16015
16016
16017
16019
16020
16022
16023
16024
16026
16027
16029
16030
16031
16033
16034
16035
16037
16038
16039
16041
16042
16043
16045
16046
16047
16049
16050
16051
16053
16054
16055
16056
16058
16059
16060
16061
16063
16064
16065
16066
16068
16069
16070
16071
16072
16074
16075
16076
16077
16078
16080
16081
16082
16083
16084
16085
16087
16088
16089
16090
16091
16092
16093
16095
16096
16097
16098
16099
16100
16101
16102
16103
16105
16106
16107
16108
16109
16110
16111
16112
16113
16114
16115
16116
16117
16118
16119
16120
16121
16122
16123
16124
16125
16126
16127
16128
16129
16130
16131
16132
16133
16134
16135
16136
16137
16138
16139
16140
16141
16142
16143
16144
16145
16146
16147
16147
16148
16149
16150
16151
16152
16153
16154
16155
16156
16157
16157
16158
16159
16160
16161
16162
16163
16163
16164
16165
16166
16167
16168
16169
16169
16170
16171
16172
16173
16174
16174
16175
16176
16177
16178
16178
16179
16180
16181
16182
16182
16183
16184
16185
16185
16186
16187
16188
16189
16189
16190
16191
16192
16192
16193
16194
16195
16195
16196
16197
16197
16198
16199
16200
16200
16201
16202
16202
16203
16204
16205
16205
16206
16207
16207
16208
16209
16209
16210
16211
16211
16212
16213
16213
16214
16215
16215
16216
16217
16217
16218
16219
16219
16220
16221
16221
16222
16223
16223
16224
16224
16225
16226
16226
16227
16227
16228
16229
16229
16230
16230
16231
16232
16232
16233
16233
16234
16235
16235
16236
16236
16237
16238
16238
16239
16239
16240
16240
16241
16241
16242
16243
16243
16244
16244
16245
16245
16246
16246
16247
16247
16248
16249
16249
16250
16250
16251
16251
16252
16252
16253
16253
16254
16254
16255
16255
16256
16256
16257
16257
16258
16258
16259
16259
16260
16260
16261
16261
16262
16262
16263
16263
16263
16264
16264
16265
16265
16266
16266
16267
16267
16268
16268
16269
16269
16269
16270
16270
16271
16271
16272
16272
16273
16273
16273
16274
16274
16275
16275
16276
16276
16276
16277
16277
16278
16278
16278
16279
16279
16280
16280
16281
16281
16281
16282
16282
16283
16283
16283
16284
16284
16285
16285
16285
16286
16286
16286
16287
16287
16288
16288
16288
16289
16289
16289
16290
16290
16291
16291
16291
16292
16292
16292
16293
16293
16293
16294
16294
16294
16295
16295
16296
16296
16296
16297
16297
16297
16298
16298
16298
16299
16299
16299
16300
16300
16300
16301
16301
16301
16302
16302
16302
16303
16303
16303
16303
16304
16304
16304
16305
16305
16305
16306
16306
16306
16307
16307
16307
16307
16308
16308
16308
16309
16309
16309
16310
16310
16310
16310
16311
16311
16311
16312
16312
16312
16312
16313
16313
16313
16314
16314
16314
16314
16315
16315
16315
16315
16316
16316
16316
16317
16317
16317
16317
16318
16318
16318
16318
16319
16319
16319
16319
16320
16320
16320
16320
16321
16321
16321
16321
16322
16322
16322
16322
16323
16323
16323
16323
16324
16324
16324
16324
16324
16325
16325
16325
16325
16326
16326
16326
16326
16327
16327
16327
16327
16327
16328
16328
16328
16328
16329
16329
16329
16329
16329
16330
16330
16330
16330
16330
16331
16331
16331
16331
16332
16332
16332
16332
16332
16333
16333
16333
16333
16333
16334
16334
16334
16334
16334
16335
16335
16335
16335
16335
16336
16336
16336
16336
16336
16336
16337
16337
16337
16337
16337
16338
16338
16338
16338
16338
16338
16339
16339
16339
16339
16339
16340
16340
16340
16340
16340
16340
16341
16341
16341
16341
16341
16341
16342
16342
16342
16342
16342
16342
16343
16343
16343
16343
16343
16343
16344
16344
16344
16344
16344
16344
16344
16345
16345
16345
16345
16345
16345
16346
16346
16346
16346
16346
16346
16346
16347
16347
16347
16347
16347
16347
16347
16348
16348
16348
16348
16348
16348
16348
16349
16349
16349
16349
16349
16349
16349
16350
16350
16350
16350
16350
16350
16350
16351
16351
16351
16351
16351
16351
16351
16351
16352
16352
16352
16352
16352
16352
16352
16352
16353
16353
16353
16353
16353
16353
16353
16353
16354
16354
16354
16354
16354
16354
16354
16354
16355
16355
16355
16355
16355
16355
16355
16355
16355
16356
16356
16356
16356
16356
16356
16356
16356
16356
16357
16357
16357
16357
16357
16357
16357
16357
16357
16358
16358
16358
16358
16358
16358
16358
16358
16358
16358
16359
16359
16359
16359
16359
16359
16359
16359
16359
16359
16360
16360
16360
16360
16360
16360
16360
16360
16360
16360
16361
16361
16361
16361
16361
16361
16361
16361
16361
16361
16361
16362
16362
16362
16362
16362
16362
16362
16362
16362
16362
16362
16362
16363
16363
16363
16363
16363
16363
16363
16363
16363
16363
16363
16363
16364
16364
16364
16364
16364
16364
16364
16364
16364
16364
16364
16364
16365
16365
16365
16365
16365
16365
16365
16365
16365
16365
16365
16365
16365
16366
16366
16366
16366
16366
16366
16366
16366
16366
16366
16366
16366
16366
16366
16367
16367
16367
16367
16367
16367
16367
16367
16367
16367
16367
16367
16367
16367
16367
16368
16368
16368
16368
16368
16368
16368
16368
16368
16368
16368
16368
16368
16368
16368
16369
16369
16369
16369
16369
16369
16369
16369
16369
16369
16369
16369
16369
16369
16369
16369
16369
16370
16370
16370
16370
16370
16370
16370
16370
16370
16370
16370
16370
16370
16370
16370
16370
16370
16371
16371
16371
16371
16371
16371
16371
16371
16371
16371
16371
16371
16371
16371
16371
16371
16371
16371
16371
16372
16372
16372
16372
16372
16372
16372
16372
16372
16372
16372
16372
16372
16372
16372
16372
16372
16372
16372
16372
16372
16373
16373
16373
16373
16373
16373
16373
16373
16373
16373
16373
16373
16373
16373
16373
16373
16373
16373
16373
16373
16373
16373
-16373
-16372
-16372
-16372
-16372
-16372
-16372
-16372
-16372
-16372
-16372
-16372
-16372
-16372
-16372
-16372
-16372
-16372
-16372
-16372
-16372
-16372
-16372
-16371
-16371
-16371
-16371
-16371
-16371
-16371
-16371
-16371
-16371
-16371
-16371
-16371
-16371
-16371
-16371
-16371
-16371
-16371
-16371
-16371
-16370
-16370
-16370
-16370
-16370
-16370
-16370
-16370
-16370
-16370
-16370
-16370
-16370
-16370
-16370
-16370
-16370
-16370
-16370
-16369
-16369
-16369
-16369
-16369
-16369
-16369
-16369
-16369
-16369
-16369
-16369
-16369
-16369
-16369
-16369
-16369
-16368
-16368
-16368
-16368
-16368
-16368
-16368
-16368
-16368
-16368
-16368
-16368
-16368
-16368
-16368
-16368
-16368
-16367
-16367
-16367
-16367
-16367
-16367
-16367
-16367
-16367
-16367
-16367
-16367
-16367
-16367
-16367
-16366
-16366
-16366
-16366
-16366
-16366
-16366
-16366
-16366
-16366
-16366
-16366
-16366
-16366
-16366
-16365
-16365
-16365
-16365
-16365
-16365
-16365
-16365
-16365
-16365
-16365
-16365
-16365
-16365
-16364
-16364
-16364
-16364
-16364
-16364
-16364
-16364
-16364
-16364
-16364
-16364
-16364
-16363
-16363
-16363
-16363
-16363
-16363
-16363
-16363
-16363
-16363
-16363
-16363
-16362
-16362
-16362
-16362
-16362
-16362
-16362
-16362
-16362
-16362
-16362
-16362
-16361
-16361
-16361
-16361
-16361
-16361
-16361
-16361
-16361
-16361
-16361
-16361
-16360
-16360
-16360
-16360
-16360
-16360
-16360
-16360
-16360
-16360
-16360
-16359
-16359
-16359
-16359
-16359
-16359
-16359
-16359
-16359
-16359
-16358
-16358
-16358
-16358
-16358
-16358
-16358
-16358
-16358
-16358
-16357
-16357
-16357
-16357
-16357
-16357
-16357
-16357
-16357
-16357
-16356
-16356
-16356
-16356
-16356
-16356
-16356
-16356
-16356
-16355
-16355
-16355
-16355
-16355
-16355
-16355
-16355
-16355
-16354
-16354
-16354
-16354
-16354
-16354
-16354
-16354
-16354
-16353
-16353
-16353
-16353
-16353
-16353
-16353
-16353
-16352
-16352
-16352
-16352
-16352
-16352
-16352
-16352
-16351
-16351
-16351
-16351
-16351
-16351
-16351
-16351
-16350
-16350
-16350
-16350
-16350
-16350
-16350
-16350
-16349
-16349
-16349
-16349
-16349
-16349
-16349
-16348
-16348
-16348
-16348
-16348
-16348
-16348
-16347
-16347
-16347
-16347
-16347
-16347
-16347
-16346
-16346
-16346
-16346
-16346
-16346
-16346
-16345
-16345
-16345
-16345
-16345
-16345
-16345
-16344
-16344
-16344
-16344
-16344
-16344
-16343
-16343
-16343
-16343
-16343
-16343
-16343
-16342
-16342
-16342
-16342
-16342
-16342
-16341
-16341
-16341
-16341
-16341
-16341
-16340
-16340
-16340
-16340
-16340
-16340
-16339
-16339
-16339
-16339
-16339
-16339
-16338
-16338
-16338
-16338
-16338
-16337
-16337
-16337
-16337
-16337
-16337
-16336
-16336
-16336
-16336
-16336
-16335
-16335
-16335
-16335
-16335
-16335
-16334
-16334
-16334
-16334
-16334
-16333
-16333
-16333
-16333
-16333
-16332
-16332
-16332
-16332
-16332
-16331
-16331
-16331
-16331
-16331
-16330
-16330
-16330
-16330
-16329
-16329
-16329
-16329
-16329
-16328
-16328
-16328
-16328
-16328
-16327
-16327
-16327
-16327
-16326
-16326
-16326
-16326
-16326
-16325
-16325
-16325
-16325
-16324
-16324
-16324
-16324
-16323
-16323
-16323
-16323
-16323
-16322
-16322
-16322
-16322
-16321
-16321
-16321
-16321
-16320
-16320
-16320
-16320
-16319
-16319
-16319
-16319
-16318
-16318
-16318
-16318
-16317
-16317
-16317
-16317
-16316
-16316
-16316
-16316
-16315
-16315
-16315
-16314
-16314
-16314
-16314
-16313
-16313
-16313
-16313
-16312
-16312
-16312
-16311
-16311
-16311
-16311
-16310
-16310
-16310
-16309
-16309
-16309
-16309
-16308
-16308
-16308
-16307
-16307
-16307
-16306
-16306
-16306
-16306
-16305
-16305
-16305
-16304
-16304
-16304
-16303
-16303
-16303
-16302
-16302
-16302
-16302
-16301
-16301
-16301
-16300
-16300
-16300
-16299
-16299
-16299
-16298
-16298
-16298
-16297
-16297
-16297
-16296
-16296
-16296
-16295
-16295
-16295
-16294
-16294
-16293
-16293
-16293
-16292
-16292
-16292
-16291
-16291
-16291
-16290
-16290
-16290
-16289
-16289
-16288
-16288
-16288
-16287
-16287
-16287
-16286
-16286
-16285
-16285
-16285
-16284
-16284
-16284
-16283
-16283
-16282
-16282
-16282
-16281
-16281
-16280
-16280
-16280
-16279
-16279
-16278
-16278
-16277
-16277
-16277
-16276
-16276
-16275
-16275
-16275
-16274
-16274
-16273
-16273
-16272
-16272
-16272
-16271
-16271
-16270
-16270
-16269
-16269
-16268
-16268
-16268
-16267
-16267
-16266
-16266
-16265
-16265
-16264
-16264
-16263
-16263
-16262
-16262
-16262
-16261
-16261
-16260
-16260
-16259
-16259
-16258
-16258
-16257
-16257
-16256
-16256
-16255
-16255
-16254
-16254
-16253
-16253
-16252
-16252
-16251
-16251
-16250
-16250
-16249
-16249
-16248
-16248
-16247
-16246
-16246
-16245
-16245
-16244
-16244
-16243
-16243
-16242
-16242
-16241
-16240
-16240
-16239
-16239
-16238
-16238
-16237
-16237
-16236
-16235
-16235
-16234
-16234
-16233
-16232
-16232
-16231
-16231
-16230
-16229
-16229
-16228
-16228
-16227
-16226
-16226
-16225
-16225
-16224
-16223
-16223
-16222
-16222
-16221
-16220
-16220
-16219
-16218
-16218
-16217
-16216
-16216
-16215
-16214
-16214
-16213
-16212
-16212
-16211
-16210
-16210
-16209
-16208
-16208
-16207
-16206
-16206
-16205
-16204
-16204
-16203
-16202
-16201
-16201
-16200
-16199
-16199
-16198
-16197
-16196
-16196
-16195
-16194
-16194
-16193
-16192
-16191
-16191
-16190
-16189
-16188
-16188
-16187
-16186
-16185
-16184
-16184
-16183
-16182
-16181
-16181
-16180
-16179
-16178
-16177
-16177
-16176
-16175
-16174
-16173
-16173
-16172
-16171
-16170
-16169
-16168
-16168
-16167
-16166
-16165
-16164
-16163
-16162
-16162
-16161
-16160
-16159
-16158
-16157
-16156
-16156
-16155
-16154
-16153
-16152
-16151
-16150
-16149
-16148
-16147
-16146
-16146
-16145
-16144
-16143
-16142
-16141
-16140
-16139
-16138
-16137
-16136
-16135
-16134
-16133
-16132
-16131
-16130
-16129
-16128
-16127
-16126
-16125
-16124
-16123
-16122
-16121
-16120
-16119
-16118
-16117
-16116
-16115
-16114
-16113
-16112
-16111
-16110
-16109
-16108
-16107
-16106
-16105
-16104
-16102
-16101
-16100
-16099
-16098
-16097
-16096
-16095
-16094
-16092
-16091
-16090
-16089
-16088
-16087
-16086
-16084
-16083
-16082
-16081
-16080
-16079
-16077
-16076
-16075
-16074
-16073
-16071
-16070
-16069
-16068
-16067
-16065
-16064
-16063
-16062
-16060
-16059
-16058
-16057
-16055
-16054
-16053
-16052
-16050
-16049
-16048
-16046
-16045
-16044
-16042
-16041
-16040
-16038
-16037
-16036
-16034
-16033
-16032
-16030
-16029
-16028
-16026
-16025
-16023
-16022
-16021
-16019
-16018
-16016
-16015
-16014
-16012
-16011
-16009
-16008
-16006
-16005
-16003
-16002
-16001
-15999
-15998
-15996
-15995
-15993
-15992
-15990
-15989
-15987
-15985
-15984
-15982
-15981
-15979
-15978
-15976
-15975
-15973
-15971
-15970
-15968
-15967
-15965
-15963
-15962
-15960
-15958
-15957
-15955
-15954
-15952
-15950
-15949
-15947
-15945
-15943
-15942
-15940
-15938
-15937
-15935
-15933
-15931
-15930
-15928
-15926
-15924
-15923
-15921
-15919
-15917
-15916
-15914
-15912
-15910
-15908
-15906
-15905
-15903
-15901
-15899
-15897
-15895
-15893
-15891
-15890
-15888
-15886
-15884
-15882
-15880
-15878
-15876
-15874
-15872
-15870
-15868
-15866
-15864
-15862
-15860
-15858
-15856
-15854
-15852
-15850
-15848
-15846
-15844
-15842
-15840
-15838
-15836
-15833
-15831
-15829
-15827
-15825
-15823
-15821
-15818
-15816
-15814
-15812
-15810
-15808
-15805
-15803
-15801
-15799
-15796
-15794
-15792
-15790
-15787
-15785
-15783
-15780
-15778
-15776
-15773
-15771
-15769
-15766
-15764
-15762
-15759
-15757
-15754
-15752
-15750
-15747
-15745
-15742
-15740
-15737
-15735
-15732
-15730
-15727
-15725
-15722
-15720
-15717
-15715
-15712
-15710
-15707
-15704
-15702
-15699
-15697
-15694
-15691
-15689
-15686
-15683
-15681
-15678
-15675
-15672
-15670
-15667
-15664
-15662
-15659
-15656
-15653
-15650
-15648
-15645
-15642
-15639
-15636
-15633
-15631
-15628
-15625
-15622
-15619
-15616
-15613
-15610
-15607
-15604
-15601
-15598
-15595
-15592
-15589
-15586
-15583
-15580
-15577
-15574
-15571
-15568
-15565
-15562
-15558
-15555
-15552
-15549
-15546
-15543
-15539
-15536
-15533
-15530
-15526
-15523
-15520
-15517
-15513
-15510
-15507
-15503
-15500
-15497
-15493
-15490
-15486
-15483
-15480
-15476
-15473
-15469
-15466
-15462
-15459
-15455
-15452
-15448
-15445
-15441
-15437
-15434
-15430
-15427
-15423
-15419
-15416
-15412
-15408
-15405
-15401
-15397
-15393
-15390
-15386
-15382
-15378
-15375
-15371
-15367
-15363
-15359
-15355
-15351
-15347
-15343
-15340
-15336
-15332
-15328
-15324
-15320
-15316
-15312
-15307
-15303
-15299
-15295
-15291
-15287
-15283
-15279
-15274
-15270
-15266
-15262
-15258
-15253
-15249
-15245
-15241
-15236
-15232
-15228
-15223
-15219
-15214
-15210
-15206
-15201
-15197
-15192
-15188
-15183
-15179
-15174
-15170
-15165
-15160
-15156
-15151
-15146
-15142
-15137
-15132
-15128
-15123
-15118
-15114
-15109
-15104
-15099
-15094
-15089
-15085
-15080
-15075
-15070
-15065
-15060
-15055
-15050
-15045
-15040
-15035
-15030
-15025
-15020
-15015
-15010
-15004
-14999
-14994
-14989
-14984
-14978
-14973
-14968
-14962
-14957
-14952
-14946
-14941
-14936
-14930
-14925
-14919
-14914
-14908
-14903
-14897
-14892
-14886
-14881
-14875
-14869
-14864
-14858
-14852
-14847
-14841
-14835
-14829
-14824
-14818
-14812
-14806
-14800
-14794
-14788
-14783
-14777
-14771
-14765
-14759
-14753
-14746
-14740
-14734
-14728
-14722
-14716
-14710
-14703
-14697
-14691
-14685
-14678
-14672
-14666
-14659
-14653
-14646
-14640
-14634
-14627
-14621
-14614
-14608
-14601
-14594
-14588
-14581
-14574
-14568
-14561
-14554
-14548
-14541
-14534
-14527
-14520
-14513
-14506
-14500
-14493
-14486
-14479
-14472
-14465
-14458
-14450
-14443
-14436
-14429
-14422
-14415
-14407
-14400
-14393
-14385
-14378
-14371
-14363
-14356
-14349
-14341
-14334
-14326
-14318
-14311
-14303
-14296
-14288
-14280
-14273
-14265
-14257
-14249
-14242
-14234
-14226
-14218
-14210
-14202
-14194
-14186
-14178
-14170
-14162
-14154
-14146
-14138
-14129
-14121
-14113
-14105
-14096
-14088
-14080
-14071
-14063
-14055
-14046
-14038
-14029
-14021
-14012
-14003
-13995
-13986
-13977
-13969
-13960
-13951
-13942
-13933
-13925
-13916
-13907
-13898
-13889
-13880
-13871
-13862
-13853
-13843
-13834
-13825
-13816
-13807
-13797
-13788
-13779
-13769
-13760
-13750
-13741
-13731
-13722
-13712
-13703
-13693
-13683
-13674
-13664
-13654
-13644
-13635
-13625
-13615
-13605
-13595
-13585
-13575
-13565
-13555
-13545
-13535
-13524
-13514
-13504
-13494
-13483
-13473
-13463
-13452
-13442
-13431
-13421
-13410
-13400
-13389
-13378
-13368
-13357
-13346
-13336
-13325
-13314
-13303
-13292
-13281
-13270
-13259
-13248
-13237
-13226
-13215
-13203
-13192
-13181
-13170
-13158
-13147
-13136
-13124
-13113
-13101
-13090
-13078
-13066
-13055
-13043
-13031
-13019
-13008
-12996
-12984
-12972
-12960
-12948
-12936
-12924
-12912
-12900
-12887
-12875
-12863
-12851
-12838
-12826
-12814
-12801
-12789
-12776
-12764
-12751
-12738
-12726
-12713
-12700
-12687
-12675
-12662
-12649
-12636
-12623
-12610
-12597
-12584
-12571
-12557
-12544
-12531
-12518
-12504
-12491
-12477
-12464
-12451
-12437
-12423
-12410
-12396
-12382
-12369
-12355
-12341
-12327
-12313
-12299
-12285
-12271
-12257
-12243
-12229
-12215
-12201
-12186
-12172
-12158
-12143
-12129
-12114
-12100
-12085
-12071
-12056
-12041
-12027
-12012
-11997
-11982
-11967
-11952
-11937
-11922
-11907
-11892
-11877
-11862
-11846
-11831
-11816
-11800
-11785
-11769
-11754
-11738
-11723
-11707
-11692
-11676
-11660
-11644
-11628
-11612
-11597
-11581
-11564
-11548
-11532
-11516
-11500
-11484
-11467
-11451
-11435
-11418
-11402
-11385
-11369
-11352
-11335
-11319
-11302
-11285
-11268
-11251
-11234
-11217
-11200
-11183
-11166
-11149
-11132
-11115
-11097
-11080
-11063
-11045
-11028
-11010
-10993
-10975
-10957
-10940
-10922
-10904
-10886
-10868
-10850
-10832
-10814
-10796
-10778
-10760
-10742
-10724
-10705
-10687
-10668
-10650
-10631
-10613
-10594
-10576
-10557
-10538
-10519
-10501
-10482
-10463
-10444
-10425
-10406
-10387
-10368
-10348
-10329
-10310
-10290
-10271
-10252
-10232
-10212
-10193
-10173
-10154
-10134
-10114
-10094
-10074
-10054
-10034
-10014
-9994
-9974
-9954
-9934
-9914
-9893
-9873
-9853
-9832
-9812
-9791
-9770
-9750
-9729
-9708
-9688
-9667
-9646
-9625
-9604
-9583
-9562
-9541
-9520
-9498
-9477
-9456
-9434
-9413
-9392
-9370
-9348
-9327
-9305
-9284
-9262
-9240
-9218
-9196
-9174
-9152
-9130
-9108
-9086
-9064
-9042
-9019
-8997
-8975
-8952
-8930
-8907
-8885
-8862
-8839
-8817
-8794
-8771
-8748
-8725
-8702
-8679
-8656
-8633
-8610
-8587
-8564
-8541
-8517
-8494
-8470
-8447
-8423
-8400
-8376
-8353
-8329
-8305
-8281
-8257
-8234
-8210
-8186
-8162
-8138
-8113
-8089
-8065
-8041
-8016
-7992
-7968
-7943
-7919
-7894
-7870
-7845
-7820
-7795
-7771
-7746
-7721
-7696
-7671
-7646
-7621
-7596
-7571
-7546
-7520
-7495
-7470
-7444
-7419
-7394
-7368
-7342
-7317
-7291
-7266
-7240
-7214
-7188
-7162
-7136
-7111
-7085
-7059
-7032
-7006
-6980
-6954
-6928
-6901
-6875
-6849
-6822
-6796
-6769
-6743
-6716
-6689
-6663
-6636
-6609
-6582
-6556
-6529
-6502
-6475
-6448
-6421
-6394
-6366
-6339
-6312
-6285
-6257
-6230
-6203
-6175
-6148
-6120
-6093
-6065
-6037
-6010
-5982
-5954
-5927
-5899
-5871
-5843
-5815
-5787
-5759
-5731
-5703
-5675
-5646
-5618
-5590
-5562
-5533
-5505
-5477
-5448
-5420
-5391
-5363
-5334
-5305
-5277
-5248
-5219
-5191
-5162
-5133
-5104
-5075
-5046
-5017
-4988
-4959
-4930
-4901
-4872
-4843
-4813
-4784
-4755
-4725
-4696
-4667
-4637
-4608
-4578
-4549
-4519
-4490
-4460
-4430
-4401
-4371
-4341
-4312
-4282
-4252
-4222
-4192
-4162
-4132
-4102
-4072
-4042
-4012
-3982
-3952
-3922
-3892
-3861
-3831
-3801
-3771
-3740
-3710
-3680
-3649
-3619
-3588
-3558
-3527
-3497
-3466
-3436
-3405
-3375
-3344
-3313
-3282
-3252
-3221
-3190
-3159
-3129
-3098
-3067
-3036
-3005
-2974
-2943
-2912
-2881
-2850
-2819
-2788
-2757
-2726
-2695
-2664
-2632
-2601
-2570
-2539
-2508
-2476
-2445
-2414
-2382
-2351
-2320
-2288
-2257
-2226
-2194
-2163
-2131
-2100
-2068
-2037
-2005
-1974
-1942
-1911
-1879
-1848
-1816
-1784
-1753
-1721
-1689
-1658
-1626
-1594
-1563
-1531
-1499
-1468
-1436
-1404
-1372
-1340
-1309
-1277
-1245
-1213
-1181
-1150
-1118
-1086
-1054
-1022
-990
-958
-927
-895
-863
-831
-799
-767
-735
-703
-671
-639
-607
-575
-543
-511
-479
-447
-415
-383
-351
-319
-287
-255
-223
-191
-159
-127
-95
-63
-31
